dir,alpha,beta1,beta2,gamma1,gamma2
020,136.6301,1.8805,0.5076,0.6803,0.6685
040,183.1602,1.8932,0.5122,0.2234,0.2256
060,1108.1587,0.1032,9.6573,0.5107,0.5067
080,1108.1568,0.1051,9.5125,0.7340,0.7297
100,1108.1553,0.1013,9.8700,0.6317,0.6291
120,1108.2462,2.2988,0.4350,1.1106,1.1099
140,136.9106,2.2054,0.4534,1.0826,1.0715
160,1108.1598,0.1073,9.3190,0.7692,0.7456
180,1115.7343,0.0117,85.2667,0.9615,0.5006
200,1197.1714,0.0057,176.3567,1.4603,0.3753
220,1108.1603,0.1060,9.3070,0.5144,0.5018
240,175.6433,0.0661,13.9084,0.5192,0.4476
260,189.6535,0.0523,17.6229,0.5113,0.4418
280,173.9311,0.0472,20.0462,0.6253,0.5096
300,183.1787,1.9006,0.5165,0.5041,0.5047
320,1108.1599,0.1073,9.3179,0.7499,0.7260
340,1108.1825,1.9649,0.5089,1.0790,1.0718
360,1108.2462,2.2988,0.4350,1.1140,1.1064
