dir,alpha,beta1,beta2,gamma1,gamma2
020,58.4518160912,9.9495969839,0.0990874967,0.7846657295,0.7592745735
040,50.307931229,5.9513356507,0.1667292523,0.7224549909,0.6955518736
060,63.6502331209,9.5964533058,0.1034394655,0.8576549078,0.847444006
080,70.6168094042,9.5778530477,0.1034411286,0.9218246786,0.9170334297
100,63.8490383718,10.156335042,0.0971941305,0.8806174369,0.875141129
120,59.7629366095,9.8897048005,0.1001220502,0.7964583065,0.7849615061
140,65.467501858,6.3857962766,0.155413622,0.7397744056,0.7235840821
160,57.4844721824,8.1352391631,0.1214148755,0.6346923766,0.6181428058
180,18.6981606346,12.1811399261,0.070830907,0.5517514985,0.5258572686
200,63.6907028129,12.2670921885,0.0793195865,0.5541260337,0.542751199
220,65.5241200473,7.1198755111,0.1382726053,0.6039403047,0.5858070548
240,101.9776107959,4.6855878988,0.2114023825,0.6608531127,0.6464364062
260,47.578316423,5.6048300674,0.1749254794,0.7155268992,0.6906635818
280,51.3697238259,5.8141873599,0.168793179,0.7207741415,0.7014899794
300,50.2671426809,5.6829906637,0.1730821303,0.7344075124,0.7115487194
320,46.8435838138,4.9305024136,0.1995848606,0.7475484314,0.7174730227
340,56.8935553587,6.8219645142,0.1442792566,0.8681333718,0.8413528171
360,21.3533764994,8.385646181,0.1145776874,0.8949696505,0.8203342854
