dir,alpha,beta1,beta2,gamma1,gamma2
20,181.535156487,0.0644369756,15.519039723,0.8911969076,0.6126849496
40,556.0153489217,1.0873057647,0.9197044923,1.0817294365,1.0697412776
60,437.0049108205,1.7830906803,0.5608239729,1.2568483752,1.2464421493
80,432.1924351821,1.4336668365,0.6975121173,1.1421779807,1.1331430559
100,7551.2358106856,0.0006906687,1447.8718892473,0.7453642879,0.5186404659
120,2478.8811366937,0.0253778498,39.4044416765,0.4824014984,0.4714144816
140,101.8649137731,5.4135761672,0.1804647337,0.4875802535,0.487764755
160,101.2026934967,4.4087728186,0.2241493485,0.7536730097,0.7441237888
180,98.2904164033,4.7233328756,0.2094783592,0.873795317,0.8632926905
200,98.5646500821,4.6794835931,0.2110146167,0.9264047923,0.9199246136
220,285.1587959589,0.6130813725,1.631104828,0.983827107,0.9743476628
240,221.2513183648,0.2161102143,4.6272684223,0.8521040389,0.8283316359
260,46.9050821988,0.8458678007,1.1822178349,1.0095660379,0.9439135827
280,98.3185780444,4.7258631362,0.2059542713,0.8524518231,0.84516063
300,98.5440269658,4.6439931014,0.2031643727,0.8753493293,0.8626692517
320,114.1175450384,2.5659342779,0.361534333,0.7869109354,0.7455590931
340,106.0393769878,12.0135331827,0.070121339,0.6063602618,0.6195418183
360,431.1979102208,11.2215310248,0.0870551452,0.5711726341,0.5731009572
